g	560	84	5	5	0	0	90s	100	1	10505
g	563	94	5	5	0	0	90s	100	1	10505
g	561	107	5	5	0	0	90s	100	1	10505
g	561	120	5	5	0	0	90s	100	1	10505
g	561	128	5	5	0	0	90s	100	1	10505
g	561	147	5	5	0	0	90s	100	1	10505
g	561	159	5	5	0	0	90s	100	1	10505
g	565	164	5	5	0	0	90s	100	1	10505
g	562	176	5	5	0	0	90s	100	1	10505
g	562	189	5	5	0	0	90s	100	1	10505
g	560	206	5	5	0	0	90s	100	1	10505
g	560	221	5	5	0	0	90s	100	1	10505
g	566	241	5	5	0	0	90s	100	1	10505
g	566	255	5	5	0	0	90s	100	1	10505
g	564	269	5	5	0	0	90s	100	1	10505
g	562	281	5	5	0	0	90s	100	1	10505
g	561	296	5	5	0	0	90s	100	1	10505
g	561	310	5	5	0	0	90s	100	1	10505
g	561	325	5	5	0	0	90s	100	1	10505
g	561	343	5	5	0	0	90s	100	1	10505
g	561	359	5	5	0	0	90s	100	1	10505
g	561	377	5	5	0	0	90s	100	1	10505
g	563	393	5	5	0	0	90s	100	1	10505
g	563	409	5	5	0	0	90s	100	1	10505
g	563	428	5	5	0	0	90s	100	1	10505
g	575	432	5	5	0	0	90s	100	1	10505
g	586	437	5	5	0	0	90s	100	1	10505
g	566	418	5	5	0	0	90s	100	1	10505
g	590	58	5	5	0	0	90s	100	1	10505
g	603	58	5	5	0	0	90s	100	1	10505
g	618	60	5	5	0	0	90s	100	1	10505
g	632	61	5	5	0	0	90s	100	1	10505
g	648	64	5	5	0	0	90s	100	1	10505
g	665	65	5	5	0	0	90s	100	1	10505
g	678	65	5	5	0	0	90s	100	1	10505
g	693	68	5	5	0	0	90s	100	1	10505
g	705	65	5	5	0	0	90s	100	1	10505
g	717	62	5	5	0	0	90s	100	1	10505
g	742	67	5	5	0	0	90s	100	1	10505
g	731	70	5	5	0	0	90s	100	1	10505
g	761	67	5	5	0	0	90s	100	1	10505
g	776	62	5	5	0	0	90s	100	1	10505
g	795	62	5	5	0	0	90s	100	1	10505
g	809	66	5	5	0	0	90s	100	1	10505
g	817	65	5	5	0	0	90s	100	1	10505
g	830	64	5	5	0	0	90s	100	1	10505
g	848	63	5	5	0	0	90s	100	1	10505
g	860	63	5	5	0	0	90s	100	1	10505
g	880	63	5	5	0	0	90s	100	1	10505
g	894	62	5	5	0	0	90s	100	1	10505
g	907	63	5	5	0	0	90s	100	1	10505
g	920	65	5	5	0	0	90s	100	1	10505
g	594	435	5	5	0	0	90s	100	1	10506
g	607	438	5	5	0	0	90s	100	1	10506
g	621	434	5	5	0	0	90s	100	1	10506
g	633	433	5	5	0	0	90s	100	1	10506
g	648	433	5	5	0	0	90s	100	1	10506
g	659	433	5	5	0	0	90s	100	1	10506
g	666	433	5	5	0	0	90s	100	1	10506
g	676	436	5	5	0	0	90s	100	1	10506
g	686	435	5	5	0	0	90s	100	1	10506
g	700	434	5	5	0	0	90s	100	1	10506
g	712	434	5	5	0	0	90s	100	1	10506
g	726	433	5	5	0	0	90s	100	1	10506
g	737	432	5	5	0	0	90s	100	1	10506
g	753	432	5	5	0	0	90s	100	1	10506
g	762	432	5	5	0	0	90s	100	1	10506
g	774	435	5	5	0	0	90s	100	1	10506
g	787	435	5	5	0	0	90s	100	1	10506
g	802	435	5	5	0	0	90s	100	1	10506
g	816	435	5	5	0	0	90s	100	1	10506
g	823	433	5	5	0	0	90s	100	1	10506
g	836	433	5	5	0	0	90s	100	1	10506
g	842	433	5	5	0	0	90s	100	1	10506
g	852	436	5	5	0	0	90s	100	1	10506
g	865	435	5	5	0	0	90s	100	1	10506
g	880	434	5	5	0	0	90s	100	1	10506
g	893	434	5	5	0	0	90s	100	1	10506
g	905	435	5	5	0	0	90s	100	1	10506
g	922	435	5	5	0	0	90s	100	1	10506
g	940	67	5	5	0	0	90s	100	1	10506
g	944	79	5	5	0	0	90s	100	1	10506
g	940	88	5	5	0	0	90s	100	1	10506
g	940	100	5	5	0	0	90s	100	1	10506
g	940	111	5	5	0	0	90s	100	1	10506
g	940	125	5	5	0	0	90s	100	1	10506
g	939	133	5	5	0	0	90s	100	1	10506
g	941	147	5	5	0	0	90s	100	1	10506
g	941	165	5	5	0	0	90s	100	1	10506
g	941	174	5	5	0	0	90s	100	1	10506
g	944	185	5	5	0	0	90s	100	1	10506
g	944	201	5	5	0	0	90s	100	1	10506
g	941	217	5	5	0	0	90s	100	1	10506
g	939	235	5	5	0	0	90s	100	1	10506
g	939	243	5	5	0	0	90s	100	1	10506
g	941	254	5	5	0	0	90s	100	1	10506
g	941	272	5	5	0	0	90s	100	1	10506
g	941	288	5	5	0	0	90s	100	1	10506
g	941	294	5	5	0	0	90s	100	1	10506
g	938	314	5	5	0	0	90s	100	1	10506
g	938	327	5	5	0	0	90s	100	1	10506
g	940	341	5	5	0	0	90s	100	1	10506
g	938	358	5	5	0	0	90s	100	1	10506
g	937	377	5	5	0	0	90s	100	1	10506
g	938	390	5	5	0	0	90s	100	1	10506
g	938	405	5	5	0	0	90s	100	1	10506
g	940	420	5	5	0	0	90s	100	1	10506
g	936	429	5	5	0	0	90s	100	1	10506
g	927	389	5	5	0	0	90s	100	1	10507
g	915	390	5	5	0	0	90s	100	1	10507
g	900	391	5	5	0	0	90s	100	1	10507
g	887	391	5	5	0	0	90s	100	1	10507
g	867	391	5	5	0	0	90s	100	1	10507
g	852	390	5	5	0	0	90s	100	1	10507
g	819	390	5	5	0	0	90s	100	1	10507
g	792	390	5	5	0	0	90s	100	1	10507
g	809	391	5	5	0	0	90s	100	1	10507
g	832	388	5	5	0	0	90s	100	1	10507
g	776	389	5	5	0	0	90s	100	1	10507
g	762	389	5	5	0	0	90s	100	1	10507
g	746	389	5	5	0	0	90s	100	1	10507
g	721	390	5	5	0	0	90s	100	1	10507
g	703	393	5	5	0	0	90s	100	1	10507
g	685	393	5	5	0	0	90s	100	1	10507
g	668	391	5	5	0	0	90s	100	1	10507
g	655	391	5	5	0	0	90s	100	1	10507
g	643	390	5	5	0	0	90s	100	1	10507
g	634	388	5	5	0	0	90s	100	1	10507
g	625	383	5	5	0	0	90s	100	1	10507
g	613	377	5	5	0	0	90s	100	1	10507
g	606	360	5	5	0	0	90s	100	1	10507
g	607	342	5	5	0	0	90s	100	1	10507
g	606	324	5	5	0	0	90s	100	1	10507
g	606	306	5	5	0	0	90s	100	1	10507
g	606	294	5	5	0	0	90s	100	1	10507
g	609	279	5	5	0	0	90s	100	1	10507
g	610	261	5	5	0	0	90s	100	1	10507
g	610	243	5	5	0	0	90s	100	1	10507
g	610	231	5	5	0	0	90s	100	1	10507
g	610	210	5	5	0	0	90s	100	1	10507
g	610	197	5	5	0	0	90s	100	1	10507
g	610	183	5	5	0	0	90s	100	1	10507
g	610	177	5	5	0	0	90s	100	1	10507
g	617	169	5	5	0	0	90s	100	1	10507
g	615	151	5	5	0	0	90s	100	1	10507
g	608	132	5	5	0	0	90s	100	1	10507
g	613	126	5	5	0	0	90s	100	1	10507
g	632	123	5	5	0	0	90s	100	1	10507
g	644	123	5	5	0	0	90s	100	1	10507
g	662	120	5	5	0	0	90s	100	1	10507
g	686	120	5	5	0	0	90s	100	1	10507
g	709	118	5	5	0	0	90s	100	1	10507
g	737	118	5	5	0	0	90s	100	1	10507
g	671	117	5	5	0	0	90s	100	1	10507
g	746	115	5	5	0	0	90s	100	1	10507
g	764	115	5	5	0	0	90s	100	1	10507
g	786	115	5	5	0	0	90s	100	1	10507
g	792	115	5	5	0	0	90s	100	1	10507
g	825	115	5	5	0	0	90s	100	1	10507
g	850	118	5	5	0	0	90s	100	1	10507
g	853	118	5	5	0	0	90s	100	1	10507
g	873	119	5	5	0	0	90s	100	1	10507
g	891	122	5	5	0	0	90s	100	1	10507
g	902	147	5	5	0	0	90s	100	1	10507
g	898	168	5	5	0	0	90s	100	1	10507
g	898	181	5	5	0	0	90s	100	1	10507
g	898	196	5	5	0	0	90s	100	1	10507
g	893	213	5	5	0	0	90s	100	1	10507
g	899	225	5	5	0	0	90s	100	1	10507
g	897	246	5	5	0	0	90s	100	1	10507
g	897	254	5	5	0	0	90s	100	1	10507
g	897	277	5	5	0	0	90s	100	1	10507
g	897	296	5	5	0	0	90s	100	1	10507
g	899	316	5	5	0	0	90s	100	1	10507
g	901	331	5	5	0	0	90s	100	1	10507
g	899	355	5	5	0	0	90s	100	1	10507
g	899	368	5	5	0	0	90s	100	1	10507
g	628	162	5	5	0	0	90s	100	1	10508
g	642	162	5	5	0	0	90s	100	1	10508
g	656	165	5	5	0	0	90s	100	1	10508
g	655	187	5	5	0	0	90s	100	1	10508
g	652	206	5	5	0	0	90s	100	1	10508
g	652	219	5	5	0	0	90s	100	1	10508
g	649	244	5	5	0	0	90s	100	1	10508
g	649	261	5	5	0	0	90s	100	1	10508
g	647	288	5	5	0	0	90s	100	1	10508
g	649	308	5	5	0	0	90s	100	1	10508
g	660	336	5	5	0	0	90s	100	1	10508
g	660	336	5	5	0	0	90s	100	1	10508
g	651	339	5	5	0	0	90s	100	1	10508
g	674	344	5	5	0	0	90s	100	1	10508
g	703	345	5	5	0	0	90s	100	1	10508
g	687	336	5	5	0	0	90s	100	1	10508
g	728	337	5	5	0	0	90s	100	1	10508
g	750	341	5	5	0	0	90s	100	1	10508
g	764	339	5	5	0	0	90s	100	1	10508
g	777	339	5	5	0	0	90s	100	1	10508
g	791	339	5	5	0	0	90s	100	1	10508
g	812	333	5	5	0	0	90s	100	1	10508
g	836	332	5	5	0	0	90s	100	1	10508
g	845	319	5	5	0	0	90s	100	1	10508
g	849	299	5	5	0	0	90s	100	1	10508
g	850	290	5	5	0	0	90s	100	1	10508
g	844	257	5	5	0	0	90s	100	1	10508
g	842	250	5	5	0	0	90s	100	1	10508
g	853	231	5	5	0	0	90s	100	1	10508
g	852	209	5	5	0	0	90s	100	1	10508
g	849	193	5	5	0	0	90s	100	1	10508
g	850	179	5	5	0	0	90s	100	1	10508
g	844	167	5	5	0	0	90s	100	1	10508
g	815	162	5	5	0	0	90s	100	1	10508
g	786	158	5	5	0	0	90s	100	1	10508
g	776	160	5	5	0	0	90s	100	1	10508
g	746	163	5	5	0	0	90s	100	1	10508
g	717	163	5	5	0	0	90s	100	1	10508
g	712	163	5	5	0	0	90s	100	1	10508
g	676	163	5	5	0	0	90s	100	1	10508
g	663	163	5	5	0	0	90s	100	1	10508
g	800	314	5	5	0	0	90s	100	1	10509
g	801	299	5	5	0	0	90s	100	1	10509
g	801	286	5	5	0	0	90s	100	1	10509
g	801	269	5	5	0	0	90s	100	1	10509
g	801	256	5	5	0	0	90s	100	1	10509
g	800	232	5	5	0	0	90s	100	1	10509
g	797	220	5	5	0	0	90s	100	1	10509
g	792	204	5	5	0	0	90s	100	1	10509
g	772	204	5	5	0	0	90s	100	1	10509
g	749	204	5	5	0	0	90s	100	1	10509
g	756	204	5	5	0	0	90s	100	1	10509
g	729	204	5	5	0	0	90s	100	1	10509
g	718	202	5	5	0	0	90s	100	1	10509
g	701	206	5	5	0	0	90s	100	1	10509
g	693	222	5	5	0	0	90s	100	1	10509
g	693	239	5	5	0	0	90s	100	1	10509
g	693	250	5	5	0	0	90s	100	1	10509
g	698	268	5	5	0	0	90s	100	1	10509
g	698	285	5	5	0	0	90s	100	1	10509
g	701	292	5	5	0	0	90s	100	1	10509
g	718	296	5	5	0	0	90s	100	1	10509
g	731	300	5	5	0	0	90s	100	1	10509
g	753	300	5	5	0	0	90s	100	1	10509
g	777	300	5	5	0	0	90s	100	1	10509
g	794	300	5	5	0	0	90s	100	1	10509
