g	81	114	5	5	0	0	90s	100	1	10501
g	94	107	5	5	0	0	90s	100	1	10501
g	102	96	5	5	0	0	90s	100	1	10501
g	110	85	5	5	0	0	90s	100	1	10501
g	119	79	5	5	0	0	90s	100	1	10501
g	130	73	5	5	0	0	90s	100	1	10501
g	144	66	5	5	0	0	90s	100	1	10501
g	137	66	5	5	0	0	90s	100	1	10501
g	83	130	5	5	0	0	90s	100	1	10501
g	81	144	5	5	0	0	90s	100	1	10501
g	77	158	5	5	0	0	90s	100	1	10501
g	77	165	5	5	0	0	90s	100	1	10502
g	77	176	5	5	0	0	90s	100	1	10502
g	75	189	5	5	0	0	90s	100	1	10502
g	77	198	5	5	0	0	90s	100	1	10502
g	72	211	5	5	0	0	90s	100	1	10502
g	71	232	5	5	0	0	90s	100	1	10502
g	75	240	5	5	0	0	90s	100	1	10502
g	76	250	5	5	0	0	90s	100	1	10502
g	79	264	5	5	0	0	90s	100	1	10502
g	81	270	5	5	0	0	90s	100	1	10502
g	83	281	5	5	0	0	90s	100	1	10502
g	154	61	5	5	0	0	90s	100	1	10502
g	162	61	5	5	0	0	90s	100	1	10502
g	180	62	5	5	0	0	90s	100	1	10502
g	209	63	5	5	0	0	90s	100	1	10502
g	198	63	5	5	0	0	90s	100	1	10502
g	221	64	5	5	0	0	90s	100	1	10502
g	235	66	5	5	0	0	90s	100	1	10502
g	256	61	5	5	0	0	90s	100	1	10502
g	249	62	5	5	0	0	90s	100	1	10502
g	281	55	5	5	0	0	90s	100	1	10502
g	267	51	5	5	0	0	90s	100	1	10502
g	294	45	5	5	0	0	90s	100	1	10502
g	300	45	5	5	0	0	90s	100	1	10502
g	315	45	5	5	0	0	90s	100	1	10502
g	334	45	5	5	0	0	90s	100	1	10502
g	319	45	5	5	0	0	90s	100	1	10502
g	347	47	5	5	0	0	90s	100	1	10502
g	372	54	5	5	0	0	90s	100	1	10502
g	379	57	5	5	0	0	90s	100	1	10502
g	386	60	5	5	0	0	90s	100	1	10502
g	403	68	5	5	0	0	90s	100	1	10502
g	415	78	5	5	0	0	90s	100	1	10502
g	428	90	5	5	0	0	90s	100	1	10502
g	443	104	5	5	0	0	90s	100	1	10502
g	452	125	5	5	0	0	90s	100	1	10502
g	459	144	5	5	0	0	90s	100	1	10502
g	460	162	5	5	0	0	90s	100	1	10502
g	457	140	5	5	0	0	90s	100	1	10502
g	460	178	5	5	0	0	90s	100	1	10503
g	465	195	5	5	0	0	90s	100	1	10503
g	464	210	5	5	0	0	90s	100	1	10503
g	462	226	5	5	0	0	90s	100	1	10503
g	459	246	5	5	0	0	90s	100	1	10503
g	459	263	5	5	0	0	90s	100	1	10503
g	462	278	5	5	0	0	90s	100	1	10503
g	452	296	5	5	0	0	90s	100	1	10503
g	440	302	5	5	0	0	90s	100	1	10503
g	429	314	5	5	0	0	90s	100	1	10503
g	82	297	5	5	0	0	90s	100	1	10503
g	86	319	5	5	0	0	90s	100	1	10503
g	80	332	5	5	0	0	90s	100	1	10503
g	69	341	5	5	0	0	90s	100	1	10503
g	68	361	5	5	0	0	90s	100	1	10503
g	76	378	5	5	0	0	90s	100	1	10503
g	76	388	5	5	0	0	90s	100	1	10503
g	83	401	5	5	0	0	90s	100	1	10503
g	102	409	5	5	0	0	90s	100	1	10503
g	105	416	5	5	0	0	90s	100	1	10503
g	88	412	5	5	0	0	90s	100	1	10503
g	106	417	5	5	0	0	90s	100	1	10503
g	120	422	5	5	0	0	90s	100	1	10503
g	150	424	5	5	0	0	90s	100	1	10503
g	124	416	5	5	0	0	90s	100	1	10503
g	131	420	5	5	0	0	90s	100	1	10503
g	171	424	5	5	0	0	90s	100	1	10504
g	163	420	5	5	0	0	90s	100	1	10504
g	200	423	5	5	0	0	90s	100	1	10504
g	184	419	5	5	0	0	90s	100	1	10504
g	227	424	5	5	0	0	90s	100	1	10504
g	234	423	5	5	0	0	90s	100	1	10504
g	215	424	5	5	0	0	90s	100	1	10504
g	246	424	5	5	0	0	90s	100	1	10504
g	263	424	5	5	0	0	90s	100	1	10504
g	273	429	5	5	0	0	90s	100	1	10504
g	286	437	5	5	0	0	90s	100	1	10504
g	310	429	5	5	0	0	90s	100	1	10504
g	287	426	5	5	0	0	90s	100	1	10504
g	320	427	5	5	0	0	90s	100	1	10504
g	291	429	5	5	0	0	90s	100	1	10504
g	322	420	5	5	0	0	90s	100	1	10504
g	344	415	5	5	0	0	90s	100	1	10504
g	359	408	5	5	0	0	90s	100	1	10504
g	374	402	5	5	0	0	90s	100	1	10504
g	389	397	5	5	0	0	90s	100	1	10504
g	403	389	5	5	0	0	90s	100	1	10504
g	401	373	5	5	0	0	90s	100	1	10504
g	390	361	5	5	0	0	90s	100	1	10504
g	390	343	5	5	0	0	90s	100	1	10504
g	405	331	5	5	0	0	90s	100	1	10504
g	400	312	5	5	0	0	90s	100	1	10504
g	389	294	5	5	0	0	90s	100	1	10504
g	379	280	5	5	0	0	90s	100	1	10504
g	371	275	5	5	0	0	90s	100	1	10504
g	358	263	5	5	0	0	90s	100	1	10504
g	351	259	5	5	0	0	90s	100	1	10504
g	330	255	5	5	0	0	90s	100	1	10504
g	316	253	5	5	0	0	90s	100	1	10504
g	291	250	5	5	0	0	90s	100	1	10504
g	310	254	5	5	0	0	90s	100	1	10504
g	258	252	5	5	0	0	90s	100	1	10504
g	278	256	5	5	0	0	90s	100	1	10504
g	256	251	5	5	0	0	90s	100	1	10504
g	223	251	5	5	0	0	90s	100	1	10504
g	241	250	5	5	0	0	90s	100	1	10504
g	235	251	5	5	0	0	90s	100	1	10504
g	222	235	5	5	0	0	90s	100	1	10504
g	221	222	5	5	0	0	90s	100	1	10504
g	236	214	5	5	0	0	90s	100	1	10504
g	253	207	5	5	0	0	90s	100	1	10504
g	245	203	5	5	0	0	90s	100	1	10504
g	266	199	5	5	0	0	90s	100	1	10504
g	281	199	5	5	0	0	90s	100	1	10504
g	303	204	5	5	0	0	90s	100	1	10504
g	292	203	5	5	0	0	90s	100	1	10504
g	311	199	5	5	0	0	90s	100	1	10504
g	333	189	5	5	0	0	90s	100	1	10504
g	330	192	5	5	0	0	90s	100	1	10504
g	341	176	5	5	0	0	90s	100	1	10504
g	348	165	5	5	0	0	90s	100	1	10504
g	348	150	5	5	0	0	90s	100	1	10504
g	337	143	5	5	0	0	90s	100	1	10504
g	247	143	5	5	0	0	90s	100	1	10504
g	229	143	5	5	0	0	90s	100	1	10504
g	202	149	5	5	0	0	90s	100	1	10504
g	213	140	5	5	0	0	90s	100	1	10504
g	181	158	5	5	0	0	90s	100	1	10504
g	182	153	5	5	0	0	90s	100	1	10504
g	174	172	5	5	0	0	90s	100	1	10504
g	172	185	5	5	0	0	90s	100	1	10504
g	172	198	5	5	0	0	90s	100	1	10504
g	172	212	5	5	0	0	90s	100	1	10504
g	168	223	5	5	0	0	90s	100	1	10504
g	165	236	5	5	0	0	90s	100	1	10504
g	159	248	5	5	0	0	90s	100	1	10504
g	153	264	5	5	0	0	90s	100	1	10504
g	159	271	5	5	0	0	90s	100	1	10504
g	164	282	5	5	0	0	90s	100	1	10504
g	164	297	5	5	0	0	90s	100	1	10504
g	164	307	5	5	0	0	90s	100	1	10504
g	164	319	5	5	0	0	90s	100	1	10504
g	174	322	5	5	0	0	90s	100	1	10504
g	196	319	5	5	0	0	90s	100	1	10504
g	188	321	5	5	0	0	90s	100	1	10504
g	210	321	5	5	0	0	90s	100	1	10504
g	230	320	5	5	0	0	90s	100	1	10504
g	251	315	5	5	0	0	90s	100	1	10504
g	261	321	5	5	0	0	90s	100	1	10504
g	270	320	5	5	0	0	90s	100	1	10504

m	82	50	0	0	1	1	90s	100	1	20367
